

have to navigate to project folder, then run  
python -m http.server 8000
then on browser use http://localhost:8000

can change shape data with examples here


worked on project for: 11 hour



 cube data
 groups of 6: front, back, right, left, top, bottom

      -1,-1, 1,  0,0,1,   0,1,
      +1,-1, 1,  0,0,1,   1,1,
      -1,+1, 1,  0,0,1,   0,0,
      -1,+1, 1,  0,0,1,   0,0,
      +1,-1, 1,  0,0,1,   1,1,
      +1,+1, 1,  0,0,1,   1,0,

      +1,-1,-1,  0,0,-1,   0,1,
      -1,-1,-1,  0,0,-1,   1,1,
      +1,+1,-1,  0,0,-1,   0,0,
      +1,+1,-1,  0,0,-1,   0,0,
      -1,-1,-1,  0,0,-1,   1,1,
      -1,+1,-1,  0,0,-1,   1,0,

      +1,-1,+1,  1,0,0,   0,1,
      +1,-1,-1,  1,0,0,   1,1,
      +1,+1,+1,  1,0,0,   0,0,
      +1,+1,+1,  1,0,0,   0,0,
      +1,-1,-1,  1,0,0,   1,1,
      +1,+1,-1,  1,0,0,   1,0,

      -1,-1,-1,  -1,0,0,   0,1,
      -1,-1,+1,  -1,0,0,   1,1,
      -1,+1,-1,  -1,0,0,   0,0,
      -1,+1,-1,  -1,0,0,   0,0,
      -1,-1,+1,  -1,0,0,   1,1,
      -1,+1,+1,  -1,0,0,   1,0,

      -1,+1,+1,  0,1,0,   0,1,
      +1,+1,+1,  0,1,0,   1,1,
      -1,+1,-1,  0,1,0,   0,0,
      -1,+1,-1,  0,1,0,   0,0,
      +1,+1,+1,  0,1,0,   1,1,
      +1,+1,-1,  0,1,0,   1,0,

      -1,-1,-1,  0,-1,0,   0,1,
      +1,-1,-1,  0,-1,0,   1,1,
      -1,-1,+1,  0,-1,0,   0,0,
      -1,-1,+1,  0,-1,0,   0,0,
      +1,-1,-1,  0,-1,0,   1,1,
      +1,-1,+1,  0,-1,0,   1,0,


  F data, the letter F, modified from https://webglfundamentals.org/webgl/lessons/webgl-3d-lighting-point.html
    // left column front
    0, 0, 0,        0, 0, 1,    0,0,
    0, -1.5, 0,      0, 0, 1,    0,1,  
    .3, 0, 0,       0, 0, 1,    1,0,
    0, -1.5, 0,      0, 0, 1,    0,1,
    .3, -1.5, 0,     0, 0, 1,    1,1,
    .3, 0, 0,       0, 0, 1,    1,0,

        // top rung front
    .3, 0, 0,       0, 0, 1,    0,0,
    .3, -.3, 0,      0, 0, 1,    0,1,
    1, 0, 0,      0, 0, 1,    1,0,
    .3, -.3, 0,      0, 0, 1,    0,1,
    1, -.3, 0,     0, 0, 1,    1,1,
    1, 0, 0,      0, 0, 1,    1,0,

     // middle rung front
    .3, -.6, 0,      0, 0, 1,    0,0,
    .3, -.9, 0,      0, 0, 1,    0,1,
    .67, -.6, 0,      0, 0, 1,    1,0,
    .3, -.9, 0,      0, 0, 1,    0,1,
    .67, -.9, 0,      0, 0, 1,    1,1,
    .67, -.6, 0,      0, 0, 1,    1,0,

        // left column back
    0, 0, -.3,       0, 0, -1,   0,1,
    .3, 0, -.3,      0, 0, -1,   1,1,
    0, -1.5, -.3,     0, 0, -1,   0,0,
    0, -1.5, -.3,     0, 0, -1,   0,0,
    .3, 0, -.3,      0, 0, -1,   1,1,
    .3, -1.5, -.3,    0, 0, -1,   1,0,

    // top rung back
    .3, 0, -.3,      0, 0, -1,   0,1,
    1, 0, -.3,     0, 0, -1,   1,1,
    .3, -.3, -.3,     0, 0, -1,   0,0,
    .3, -.3, -.3,     0, 0, -1,   0,0,
    1, 0, -.3,     0, 0, -1,   1,1,
    1, -.3, -.3,    0, 0, -1,   1,0,

    // middle rung back
    .3, -.6, -.3,     0, 0, -1,   0,1,
    .67, -.6, -.3,     0, 0, -1,   1,1,
    .3, -.9, -.3,     0, 0, -1,   0,0,
    .3, -.9, -.3,     0, 0, -1,   0,0,
    .67, -.6, -.3,     0, 0, -1,   1,1,
    .67, -.9, -.3,     0, 0, -1,   1,0,

     // top
    0, 0, 0,        0, 1, 0,    0,0,
    1, 0, 0,      0, 1, 0,    1,0,
    1, 0, -.3,     0, 1, 0,    1,1,
    0, 0, 0,        0, 1, 0,    0,0,
    1, 0, -.3,     0, 1, 0,    1,1,
    0, 0, -.3,       0, 1, 0,    0,1,

    // top rung right
    1, -0, 0,      1, 0, 0,    0,0,
    1, -.3, 0,     1, 0, 0,    1,0,
    1, -.3, -.3,    1, 0, 0,    1,1,
    1, -0, 0,      1, 0, 0,    0,0,
    1, -.3, -.3,    1, 0, 0,    1,1,
    1, -0, -.3,     1, 0, 0,    0,1,

    // under top rung
    .3, -.3, -0,      0, -1, 0,   0,0,
    .3, -.3, -.3,     0, -1, 0,   0,1,
    1, -.3, -.3,    0, -1, 0,   1,1,
    .3, -.3, -0,      0, -1, 0,   0,0,
    1, -.3, -.3,    0, -1, 0,   1,1,
    1, -.3, -0,     0, -1, 0,   1,0,

     // between top rung and middle
    .3, -.3, -0,      1, 0, 0,    0,0,
    .3, -.6, -.3,     1, 0, 0,    1,1,
    .3, -.3, -.3,     1, 0, 0,    0,1,
    .3, -.3, -0,      1, 0, 0,    0,0,
    .3, -.6, -0,      1, 0, 0,    1,0,
    .3, -.6, -.3,     1, 0, 0,    1,1,

    // top of middle rung
    .3, -.6, -0,      0, 1, 0,    0,0,
    .67, -.6, -.3,     0, 1, 0,    1,1,
    .3, -.6, -.3,     0, 1, 0,    0,1,
    .3, -.6, -0,      0, 1, 0,    0,0,
    .67, -.6, -0,      0, 1, 0,    1,0,
    .67, -.6, -.3,     0, 1, 0,    1,1,

        // right of middle rung
    .67, -.6, -0,      1, 0, 0,    0,0,  
    .67, -.9, -.3,     1, 0, 0,    1,1,
    .67, -.6, -.3,     1, 0, 0,    0,1,
    .67, -.6, -0,      1, 0, 0,    0,0,
    .67, -.9, -0,      1, 0, 0,    1,0,
    .67, -.9, -.3,     1, 0, 0,    1,1,

        // bottom of middle rung.
    .3, -.9, -0,      0, -1, 0,   0,0,
    .3, -.9, -.3,     0, -1, 0,   0,1,
    .67, -.9, -.3,     0, -1, 0,   1,1,
    .3, -.9, -0,      0, -1, 0,   0,0,
    .67, -.9, -.3,     0, -1, 0,   1,1,
    .67, -.9, -0,      0, -1, 0,   1,0,

    // right of bottom
    .3, -.9, -0,      1, 0, 0,    0,0,
    .3, -1.5, -.3,    1, 0, 0,    1,1,
    .3, -.9, -.3,     1, 0, 0,    0,1,
    .3, -.9, -0,      1, 0, 0,    0,0,
    .3, -1.5, -0,     1, 0, 0,    1,0,
    .3, -1.5, -.3,    1, 0, 0,    1,1,

     // bottom
    0, -1.5, -0,      0, -1, 0,   0,0,
    0, -1.5, -.3,     0, -1, 0,   0,1,
    .3, -1.5, -.3,    0, -1, 0,   1,1,
    0, -1.5, -0,      0, -1, 0,   0,0,
    .3, -1.5, -.3,    0, -1, 0,   1,1,
    .3, -1.5, -0,     0, -1, 0,   1,0,

    // left side
    0, -0, -0,        -1, 0, 0,   0,0,
    0, -0, -.3,       -1, 0, 0,   0,1,
    0, -1.5, -.3,     -1, 0, 0,   1,1,
    0, -0, -0,        -1, 0, 0,   0,0,
    0, -1.5, -.3,     -1, 0, 0,   1,1,
    0, -1.5, -0,       -1, 0, 0,   1,0,


   teapot data
    0.2,0,2.7,                  1,1,1,  0,1,
    0.2,-0.112,2.7,             1,1,1,  1,1,
    0.112,-0.2,2.7,             1,1,1,  0,0,
    0,-0.2,2.7,                 1,1,1,  1,0, 
    1.3375,0,2.53125,           1,1,1,  0,1,
    1.3375,-0.749,2.53125,      1,1,1,  1,1,
    0.749, -1.3375, 2.53125,    1,1,1,  0,0,
    0, -1.3375, 2.53125,        1,1,1,  1,0,
    1.4375, 0, 2.53125,         1,1,1,  0,1,
    1.4375, -0.805, 2.53125,    1,1,1,  1,1,
    0.805, -1.4375, 2.53125,    1,1,1,  0,0,
    0, -1.4375, 2.53125,        1,1,1,  1,0,
    1.5, 0, 2.4,                1,1,1,  0,1,
    1.5, -0.84, 2.4,            1,1,1,  1,1,
    0.84, -1.5, 2.4,            1,1,1,  0,0,
    0, -1.5, 2.4,               1,1,1,  1,0,
    1.75, 0, 1.875,             1,1,1,  0,1,
    1.75, -0.98, 1.875,         1,1,1,  1,1,
    0.98, -1.75, 1.875,         1,1,1,  0,0,
    0, -1.75, 1.875,            1,1,1,  1,0,
    2, 0, 1.35,                 1,1,1,  0,1,
    2, -1.12, 1.35,             1,1,1,  1,1,
    1.12, -2, 1.35,             1,1,1,  0,0,
    0, -2, 1.35,                1,1,1,  1,0,
    2, 0, 0.9,                  1,1,1,  0,1,
    2, -1.12, 0.9,              1,1,1,  1,1,
    1.12, -2, 0.9,              1,1,1,  0,0,
    0, -2, 0.9,                 1,1,1,  1,0,
    -2, 0, 0.9,                 1,1,1,  0,1,
    2, 0, 0.45,                 1,1,1,  1,1,
    2, -1.12, 0.45,             1,1,1,  0,0,
    1.12, -2, 0.45,             1,1,1,  1,0,
    0, -2, 0.45,                1,1,1,  0,1,
    1.5, 0, 0.225,              1,1,1,  1,1,
    1.5, -0.84, 0.225,          1,1,1,  0,0,
    0.84, -1.5, 0.225,          1,1,1,  1,0,
    0, -1.5, 0.225,             1,1,1,  0,1,
    1.5, 0, 0.15,               1,1,1,  1,1,
    1.5, -0.84, 0.15,           1,1,1,  0,0,
    0.84, -1.5, 0.15 ,          1,1,1,  1,0,
    0, -1.5, 0.15 ,             1,1,1,  0,1,
    -1.6, 0, 2.025 ,            1,1,1,  1,1,
    -1.6, -0.3, 2.025 ,         1,1,1,  0,0,
    -1.5, -0.3, 2.25 ,          1,1,1,  1,0,
    -1.5, 0, 2.25 ,             1,1,1,  0,1,
    -2.3, 0, 2.025 ,            1,1,1,  1,1,
    -2.3, -0.3, 2.025 ,         1,1,1,  0,0,
    -2.5, -0.3, 2.25 ,          1,1,1,  1,0,
    -2.5, 0, 2.25 ,             1,1,1,  0,1,
    -2.7, 0, 2.025 ,            1,1,1,  1,1,
    -2.7, -0.3, 2.025 ,         1,1,1,  0,0,
    -3, -0.3, 2.25 ,            1,1,1,  1,0,
    -3, 0, 2.25 ,               1,1,1,  0,1,
    -2.7, 0, 1.8 ,              1,1,1,  1,1,
    -2.7, -0.3, 1.8 ,           1,1,1,  0,0,
    -3, -0.3, 1.8 ,             1,1,1,  1,0,
    -3, 0, 1.8 ,                1,1,1,  0,1,
    -2.7, 0, 1.575 ,            1,1,1,  1,1,
    -2.7, -0.3, 1.575 ,         1,1,1,  0,0,
    -3, -0.3, 1.35 ,            1,1,1,  1,0,
    -3, 0, 1.35 ,               1,1,1,  0,1,
    -2.5, 0, 1.125 ,            1,1,1,  1,1,
    -2.5, -0.3, 1.125 ,         1,1,1,  0,0,
    -2.65, -0.3, 0.9375 ,       1,1,1,  1,0,
    -2.65, 0, 0.9375 ,          1,1,1,  0,1,
    -2, -0.3, 0.9 ,             1,1,1,  1,1,
    -1.9, -0.3, 0.6 ,           1,1,1,  0,0,
    -1.9, 0, 0.6 ,              1,1,1,  1,0,
    1.7, 0, 1.425 ,             1,1,1,  0,1,
    1.7, -0.66, 1.425 ,         1,1,1,  1,1,
    1.7, -0.66, 0.6 ,           1,1,1,  0,0,
    1.7, 0, 0.6 ,               1,1,1,  1,0,
    2.6, 0, 1.425 ,             1,1,1,  0,1,
    2.6, -0.66, 1.425 ,         1,1,1,  1,1,
    3.1, -0.66, 0.825 ,         1,1,1,  0,0,
    3.1, 0, 0.825 ,             1,1,1,  1,0,
    2.3, 0, 2.1 ,               1,1,1,  0,1,
    2.3, -0.25, 2.1 ,           1,1,1,  1,1,
    2.4, -0.25, 2.025 ,         1,1,1,  0,0,
    2.4, 0, 2.025 ,             1,1,1,  1,0,
    2.7, 0, 2.4 ,               1,1,1,  0,1,
    2.7, -0.25, 2.4 ,           1,1,1,  1,1,
    3.3, -0.25, 2.4 ,           1,1,1,  0,0,
    3.3, 0, 2.4 ,               1,1,1,  1,0,
    2.8, 0, 2.475 ,             1,1,1,  0,1,
    2.8, -0.25, 2.475 ,         1,1,1,  1,1,
    3.525, -0.25, 2.49375 ,     1,1,1,  0,0,
    3.525, 0, 2.49375 ,         1,1,1,  1,0,
    2.9, 0, 2.475 ,             1,1,1,  0,1,
    2.9, -0.15, 2.475 ,         1,1,1,  1,1,
    3.45, -0.15, 2.5125 ,       1,1,1,  0,0,
    3.45, 0, 2.5125 ,           1,1,1,  1,0,
    2.8, 0, 2.4 ,               1,1,1,  0,1,
    2.8, -0.15, 2.4 ,           1,1,1,  1,1,
    3.2, -0.15, 2.4 ,           1,1,1,  0,0,
    3.2, 0, 2.4 ,               1,1,1,  1,0,
    0, 0, 3.15 ,                1,1,1,  0,1,
    0.8, 0, 3.15 ,              1,1,1,  1,1,
    0.8, -0.45, 3.15 ,          1,1,1,  0,0,
    0.45, -0.8, 3.15 ,          1,1,1,  1,0,
    0, -0.8, 3.15 ,             1,1,1,  0,1,
    0, 0, 2.85 ,                1,1,1,  1,1,
    1.4, 0, 2.4 ,               1,1,1,  0,0,
    1.4, -0.784, 2.4 ,          1,1,1,  1,0,
    0.784, -1.4, 2.4 ,          1,1,1,  0,1,
    0, -1.4, 2.4 ,              1,1,1,  1,1,
    0.4, 0, 2.55 ,              1,1,1,  0,0,
    0.4, -0.224, 2.55 ,         1,1,1,  1,0,
    0.224, -0.4, 2.55 ,         1,1,1,  0,1,
    0, -0.4, 2.55 ,             1,1,1,  1,1,
    1.3, 0, 2.55 ,              1,1,1,  0,0,
    1.3, -0.728, 2.55 ,         1,1,1,  1,0,
    0.728, -1.3, 2.55 ,         1,1,1,  0,1,
    0, -1.3, 2.55 ,             1,1,1,  1,1,
    1.3, 0, 2.4 ,               1,1,1,  0,0,
    1.3, -0.728, 2.4 ,          1,1,1,  1,0,
    0.728, -1.3, 2.4 ,          1,1,1,  0,1,
    0, -1.3, 2.4 ,              1,1,1,  1,1,
    0, 0, 0 ,                   1,1,1,  0,0,
    1.425, -0.798, 0 ,          1,1,1,  1,0,
    1.5, 0, 0.075 ,             1,1,1,  0,1,
    1.425, 0, 0 ,               1,1,1,  1,1,
    0.798, -1.425, 0 ,          1,1,1,  0,0,
    0, -1.5, 0.075 ,            1,1,1,  1,0,
    0, -1.425, 0 ,              1,1,1,  0,1,
    1.5, -0.84, 0.075 ,         1,1,1,  1,1,
    0.84, -1.5, 0.075 ,         1,1,1,  0,0,
